# wavelength,       abs_cross_section ,  abs_cross_sectionR,     omega_0        #cgs units
4.07380277804e-05    3.95550162701e-30    4.03132616231e-26    0.99990189051
4.1686938347e-05    3.95550162701e-30    3.66120725549e-26    0.999891973493
4.26579518802e-05    3.95550162701e-30    3.32571999125e-26    0.999881077444
4.3651583224e-05    3.95550162701e-30    3.02153716273e-26    0.999869106893
4.46683592151e-05    3.95550162701e-30    2.74566283468e-26    0.999855957118
4.57088189615e-05    3.95550162701e-30    2.49539780068e-26    0.999841513256
4.67735141287e-05    3.95550162701e-30    2.26830885248e-26    0.999825649317
4.78630092323e-05    3.95550162701e-30    2.06220141234e-26    0.999808227119
4.89778819368e-05    3.95550162701e-30    1.87509513594e-26    0.999789095107
5.01187233627e-05    7.62559523139e-30    1.70520214262e-26    0.999553003927
5.12861383991e-05    1.70659720268e-29    1.55090757215e-26    0.998900823375
5.2480746025e-05    1.44932883307e-29    1.41075220411e-26    0.99897370963
5.3703179637e-05    2.05920804724e-29    1.28341690789e-26    0.998398096999
5.49540873858e-05    4.13652925871e-29    1.16770871931e-26    0.996470072082
5.6234132519e-05    4.70736346257e-29    1.06254836393e-26    0.995589282548
5.75439937337e-05    5.74134597621e-29    9.66959068364e-27    0.994097518731
5.88843655356e-05    7.2910689784e-29    8.80056519642e-27    0.991783299947
6.02559586074e-05    6.81100922536e-29    8.01039848367e-27    0.99156897692
6.16595001861e-05    1.01160812136e-28    7.29183526173e-27    0.98631666903
6.3095734448e-05    1.04074900072e-28    6.63830080057e-27    0.984564060994
6.45654229035e-05    1.45185445027e-28    6.04383537319e-27    0.976541451501
6.60693448008e-05    1.48211650767e-28    5.50303524388e-27    0.9737736373
6.76082975392e-05    1.15868037653e-28    5.01099951379e-27    0.977399837915
6.91830970919e-05    1.91372739077e-28    4.56328221678e-27    0.959750446488
7.07945784384e-05    1.90343219709e-28    4.15584912483e-27    0.956204602875
7.24435960075e-05    1.72386737888e-28    3.78503878102e-27    0.95643967598
7.41310241301e-05    3.91577675112e-28    3.44752732976e-27    0.898002874468
7.58577575029e-05    4.18448144842e-28    3.14029675995e-27    0.882416931801
7.76247116629e-05    2.9615008648e-28    2.8606062175e-27    0.906185318738
7.94328234724e-05    3.2093886526e-28    2.60596607985e-27    0.890348722873
8.12830516164e-05    8.92157406941e-28    2.37411451728e-27    0.726857583312
8.31763771103e-05    1.46587997452e-27    2.1629962945e-27    0.596051266052
8.51138038202e-05    6.92056812724e-28    1.97074359128e-27    0.740101882333
8.70963589956e-05    3.41350731862e-28    1.79565864399e-27    0.840267087398
8.91250938134e-05    1.05497028671e-27    1.63619802975e-27    0.607987995305
9.12010839356e-05    2.28966460556e-27    1.49095843328e-27    0.394368446144
9.33254300797e-05    2.10593176036e-27    1.35866375268e-27    0.392156529547
9.54992586021e-05    3.25327217481e-27    1.23815341465e-27    0.275670472546
9.77237220956e-05    3.29670991768e-27    1.12837178292e-27    0.254994564906
0.0001    3.92582253865e-27    1.0283585548e-27    0.207573872534
0.000102329299228    2.57015750379e-27    9.37240051665e-28    0.267218083165
0.000104712854805    9.54625656226e-27    8.5422131806e-28    0.0821328911892
0.000107151930524    4.44828834641e-26    7.78578952752e-28    0.0172018072589
0.000109647819614    8.66768658463e-26    7.09654602427e-28    0.00812087034457
0.00011220184543    5.25008096177e-26    6.46849055508e-28    0.0121707911817
0.00011481536215    2.93534758907e-26    5.89616879653e-28    0.0196912484684
0.000117489755494    2.86291118325e-26    5.37461551915e-28    0.0184273121437
0.000120226443462    1.80839477427e-26    4.89931035471e-28    0.0263774218257
0.000123026877081    3.26306375119e-25    4.46613761249e-28    0.00136682379794
0.000125892541179    6.12917255997e-25    4.07134976754e-28    0.00066381670572
0.000128824955169    7.87907747501e-25    3.71153427995e-28    0.000470840241389
0.000131825673856    7.30454481808e-25    3.38358343654e-28    0.000463001722326
0.000134896288259    5.23475737244e-25    3.08466693532e-28    0.000588919427531
0.00013803842646    5.56747043708e-25    2.81220696e-28    0.000504858934404
0.000141253754462    5.16310631097e-25    2.56385551491e-28    0.00049632582652
0.000144543977075    8.06981477378e-25    2.33747381294e-28    0.000289572562712
0.000147910838817    1.27206911398e-23    2.13111352793e-28    1.67528462274e-05
0.000151356124844    7.99198973202e-24    1.94299974096e-28    2.43112487548e-05
0.000154881661891    5.03252169049e-24    1.77151542563e-28    3.52001079586e-05
0.000158489319246    9.42744767852e-24    1.6151873319e-28    1.71325231891e-05
0.000162181009736    8.39445304977e-24    1.47267314108e-28    1.75431001531e-05
0.000165958690744    2.08228736182e-23    1.34274977635e-28    6.44839488722e-06
0.000169824365246    1.74086966957e-23    1.22430276375e-28    7.03265830316e-06
0.000173780082875    7.20479741784e-24    1.11631654844e-28    1.54938326184e-05
0.000177827941004    3.27738119479e-24    1.01786567965e-28    3.10563223498e-05
0.000181970085861    4.45476484631e-24    9.28106785701e-29    2.08335901428e-05
0.000186208713666    4.22661920185e-24    8.46271267704e-29    2.00220148358e-05
0.000190546071796    1.17429991573e-23    7.716586471e-29    6.57117969657e-06
0.000194984459976    2.74653815927e-22    7.03630508032e-29    2.56188076396e-07
0.000199526231497    2.14928212872e-22    6.41604981013e-29    2.98520506409e-07
0.000204173794467    4.65088387286e-22    5.85051719172e-29    1.25793647309e-07
0.000208929613085    4.72794255272e-22    5.3348732279e-29    1.12837086459e-07
0.00021379620895    3.28835862064e-22    4.86471171892e-29    1.47937362084e-07
0.000218776162395    1.69477086239e-22    4.43601630257e-29    2.617471919e-07
0.000223872113857    1.24050903258e-22    4.04512587565e-29    3.26085860751e-07
0.000229086765277    5.05080395076e-23    3.68870309395e-29    7.30319457254e-07
0.000234422881532    2.86945173814e-24    3.36370567496e-29    1.17223307846e-05
0.000239883291902    3.72612159913e-24    3.06736025306e-29    8.23197773076e-06
0.000245470891569    2.34344128507e-24    2.79713855862e-29    1.19358875774e-05
0.000251188643151    5.10180453093e-24    2.55073571385e-29    4.99964854711e-06
0.000257039578277    8.51654614875e-23    2.32605045618e-29    2.73121260691e-07
0.00026302679919    1.18603500363e-22    2.12116711741e-29    1.78845205374e-07
0.000269153480393    9.20759248285e-21    1.93433920217e-29    2.10080887236e-09
0.000275422870334    2.07081458466e-20    1.76397442293e-29    8.51826346261e-10
0.000281838293126    1.02196845192e-20    1.60862106226e-29    1.57404179816e-09
0.000288403150313    9.03555642065e-21    1.46695554385e-29    1.62353647432e-09
0.000295120922667    6.70273778354e-21    1.33777110507e-29    1.99585773097e-09
0.00030199517204    5.97689872576e-21    1.21996747289e-29    2.04113793186e-09
0.000309029543251    1.83002642507e-21    1.11254145424e-29    6.07937367593e-09
0.000316227766017    5.50853038267e-23    1.01457835933e-29    1.8418309458e-07
0.00032359365693    1.64225568168e-23    9.25244184179e-30    5.6339805867e-07
0.000331131121483    1.29473387811e-23    8.43778484833e-30    6.5169989695e-07
0.000338844156139    7.56756679879e-24    7.69487881978e-30    1.01682234198e-06
0.000346736850453    7.75815101973e-24    7.01740139952e-30    9.04519006436e-07
0.000354813389234    1.70355981049e-24    6.39958769229e-30    3.75658289911e-06
0.00036307805477    1.25368810143e-24    5.83618105825e-30    4.65518806718e-06
0.000371535229097    9.24219936096e-25    5.3223882508e-30    5.758756539e-06
0.000380189396321    1.00206510529e-24    4.85383850265e-30    4.84381200976e-06
0.000389045144994    3.01089683304e-24    4.42654616964e-30    1.47017314352e-06
0.000398107170553    7.52020084487e-24    4.03687637921e-30    5.36804042268e-07
0.000407380277804    2.3478202162e-23    3.6815102987e-30    1.56805435783e-07
0.00041686938347    9.55894264234e-23    3.35747776522e-30    3.51239438599e-08
0.000426579518802    9.523696178e-20    3.06192145976e-30    3.21505579602e-11
0.00043651583224    4.82646913067e-19    2.79240015183e-30    5.78559621166e-12
0.000446683592151    7.32891540407e-19    2.54660850196e-30    3.47474129738e-12
0.000457088189615    2.45329041246e-19    2.32245586401e-30    9.46669767343e-12
0.000467735141287    1.47648494306e-19    2.11803650429e-30    1.43451276914e-11
0.000478630092323    4.70254424908e-20    1.93161271889e-30    4.10759073493e-11
0.000489778819368    1.11713373705e-20    1.76159991891e-30    1.57689259595e-10
0.000501187233627    3.59838068172e-22    1.60655310732e-30    4.46465575002e-09
0.000512861383991    2.3965356698e-22    1.46515456729e-30    6.11363551477e-09
0.00052480746025    1.82962035385e-22    1.33620264228e-30    7.30316882253e-09
0.00053703179637    1.42572130104e-22    1.21860150768e-30    8.54726303364e-09
0.000549540873858    8.29429277026e-23    1.11135184525e-30    1.3398994479e-08
0.00056234132519    4.66041372376e-23    1.01354234023e-30    2.17479043335e-08
0.000575439937337    4.40738089189e-23    9.24341928179e-31    2.09725896506e-08
0.000588843655356    2.56190714572e-23    8.42992725388e-31    3.29048888074e-08
0.000602559586074    6.63614012901e-24    7.68803582462e-31    1.15851003513e-07
0.000616595001861    3.55607331077e-24    7.01144206091e-31    1.97168057735e-07
0.00063095734448    2.9725529388e-24    6.39439798865e-31    2.15114642019e-07
0.000645654229035    3.51557652763e-24    5.83166171461e-31    1.65880637256e-07
0.000660693448008    1.22169947491e-24    5.31845285512e-31    4.35332145839e-07
0.000676082975392    2.98588352083e-25    4.85041189212e-31    1.62444515302e-06
0.000691830970919    1.63746990578e-25    4.42356310995e-31    2.70145493622e-06
0.000707945784384    7.60806649119e-26    4.03428079759e-31    5.30260797543e-06
0.000724435960075    1.32465138379e-25    3.6792584281e-31    2.77752188531e-06
0.000741310241301    1.1776829326e-25    3.35548055313e-31    2.84921424924e-06
0.000758577575029    1.792093496e-25    3.06019717308e-31    1.70760730637e-06
0.000776247116629    2.68404484886e-25    2.79090036471e-31    1.03981029374e-06
0.000794328234724    3.90618019931e-25    2.54530296735e-31    6.51608778637e-07
0.000812830516164    7.56746895985e-25    2.32131914623e-31    3.06749647271e-07
0.000831763771103    7.41085648827e-25    2.11704666758e-31    2.8566820396e-07
0.000851138038202    1.7347614234e-24    1.93075073469e-31    1.11297755055e-07
0.000870963589956    5.7767942917e-24    1.76084924736e-31    3.04814245544e-08
0.000891250938134    2.83528867091e-22    1.6058993594e-31    5.66397127377e-10
0.000912010839356    1.80211789685e-21    1.4645852198e-31    8.12702222335e-11
0.000933254300797    1.33852482205e-21    1.33570679333e-31    9.97894675685e-11
0.000954992586021    1.89680900783e-21    1.21816966547e-31    6.4222051897e-11
0.000977237220956    9.79569985212e-22    1.11097574496e-31    1.13414637199e-10
0.001    1.83081186545e-21    1.01321478498e-31    5.53423759178e-11
0.00102329299228    1.08917179624e-21    9.24056650789e-32    8.48403028702e-11
0.00104712854805    1.92062227285e-21    8.42744268109e-32    4.38787095195e-11
0.00107151930524    1.13931132883e-21    7.68587192336e-32    6.74606819785e-11
0.00109647819614    8.26576497441e-22    7.00955743867e-32    8.48022833915e-11
0.0011220184543    1.67269095694e-21    6.39275659713e-32    3.82183963533e-11
0.0011481536215    9.47885212261e-22    5.83023215936e-32    6.15077868458e-11
0.00117489755494    1.43870106306e-21    5.31720779452e-32    3.69583920583e-11
0.00120226443462    2.529118924e-21    4.84932751401e-32    1.91739797915e-11
0.00123026877081    5.9260050454e-21    4.42261867594e-32    7.46306937308e-12
0.00125892541179    6.33368126907e-21    4.03345824614e-32    6.36826842835e-12
0.00128824955169    1.62168400318e-20    3.67854202897e-32    2.268346991e-12
0.00131825673856    1.59593959834e-20    3.35485660641e-32    2.10212003631e-12
0.00134896288259    3.67077497937e-20    3.05965374709e-32    8.33517108591e-13
0.0013803842646    3.62720097524e-20    2.79042706776e-32    7.69305888151e-13
0.00141253754462    2.16299345991e-20    2.54489074894e-32    1.17655961338e-12
0.00144543977075    2.82241435656e-20    2.32096012394e-32    8.22331461906e-13
0.00147910838817    4.46197423233e-20    2.11673397631e-32    4.74394038623e-13
0.00151356124844    6.70138856607e-20    1.93047839533e-32    2.88071401367e-13
0.00154881661891    4.03777051477e-20    1.76061205246e-32    4.36035689997e-13
0.00158489319246    3.53859896166e-20    1.60569277356e-32    4.53765117481e-13
0.00162181009736    1.74071415187e-20    1.46440529294e-32    8.4126695435e-13
0.00165958690744    1.52459190994e-20    1.33555008515e-32    8.76004966603e-13
0.00169824365246    1.45268711874e-20    1.21803317964e-32    8.3846904397e-13
0.00173780082875    1.25212395869e-20    1.11085687183e-32    8.8717803387e-13
0.00177827941004    9.16054573111e-21    1.0131112517e-32    1.1059507604e-12
0.00181970085861    4.47337275491e-21    9.23966477797e-33    2.06548063043e-12
0.00186208713666    5.05513243483e-21    8.4266573132e-33    1.66695085081e-12
0.00190546071796    2.53507231769e-21    7.68518790153e-33    3.03154582529e-12
0.00194984459976    2.1896086274e-21    7.0089616847e-33    3.20101117476e-12
0.00199526231497    1.92878630471e-21    6.39223772055e-33    3.31412438222e-12
0.00204173794467    9.96947962949e-22    5.82978023959e-33    5.84762741509e-12
0.00208929613085    9.02124750819e-22    5.31681419122e-33    5.8936573754e-12
0.0021379620895    3.90777348434e-22    4.84898470183e-33    1.24085613488e-11
0.00218776162395    2.54508868841e-22    4.42232010063e-33    1.73758978251e-11
0.00223872113857    3.46039160692e-22    4.03319819926e-33    1.16553230309e-11
0.00229086765277    2.07255274389e-22    3.67831553872e-33    1.77477535831e-11
0.00234422881532    1.22015129839e-22    3.35465934258e-33    2.74937980799e-11
0.00239883291902    9.25809132744e-23    3.05948193825e-33    3.30465733156e-11
0.00245470891569    5.45332027448e-23    2.79027742915e-33    5.11665790485e-11
0.00251188643151    3.86094369047e-23    2.54476041969e-33    6.59103220232e-11
0.00257039578277    3.21533923318e-23    2.32084661235e-33    7.21804588527e-11
0.0026302679919    1.97798336878e-23    2.11663511221e-33    1.0700975273e-10
0.00269153480393    1.7115270445e-23    1.9303922886e-33    1.12787717529e-10
0.00275422870334    1.76365444826e-23    1.76053705689e-33    9.98232424976e-11
0.00281838293126    1.4830680173e-23    1.60562745535e-33    1.08263912137e-10
