1.1183879093198992 0.01451111111111111 6e-05
1.1380352644836271 0.01454625850340136 5e-05
1.1546599496221663 0.014565532879818594 5e-05
1.1743073047858943 0.014522448979591837 4e-05
1.1939546599496222 0.01452925170068027 4e-05
1.2120906801007556 0.014549659863945578 4e-05
1.2317380352644838 0.01457233560090703 4e-05
1.2483627204030228 0.014538321995464853 4e-05
1.269521410579345 0.014522448979591837 4e-05
1.289168765743073 0.01453718820861678 4e-05
1.305793450881612 0.01453718820861678 4e-05
1.3269521410579346 0.014605215419501133 4e-05
1.3435768261964736 0.014685714285714285 4e-05
1.3632241813602017 0.014778684807256236 4e-05
1.381360201511335 0.014752607709750567 4e-05
1.4025188916876576 0.014787755102040816 4e-05
1.4161209068010077 0.014706122448979592 4e-05
1.4357682619647356 0.014703854875283447 4e-05
1.456926952141058 0.014676643990929704 4e-05
1.476574307304786 0.014693650793650793 4e-05
1.5007556675062972 0.014723129251700679 4e-05
1.5158690176322418 0.014641496598639456 4e-05
1.532493702770781 0.014677777777777777 4e-05
1.5506297229219146 0.014670975056689342 4e-05
1.5732997481108313 0.014641496598639456 4e-05
1.5899244332493705 0.014596145124716553 4e-05
1.6080604534005039 0.01452925170068027 5e-05
1.6322418136020151 0.01463922902494331 6e-05